0 0.08802083333333333 0.5027777777777778 0.02083333333333333 0.040740740740740744 0.08697916666666666 0.5055555555555555 2 0.0921875 0.487962962962963 2
0 0.5270833333333333 0.8444444444444444 0.033333333333333326 0.03703703703703698 0.5338541666666666 0.8407407407407408 2 0.5182291666666666 0.8407407407407408 2
0 0.8015625 0.725462962962963 0.025000000000000022 0.036111111111111094 0.7994791666666666 0.7138888888888889 2 0.80625 0.7268518518518519 2
0 0.8315104166666667 0.773611111111111 0.020312499999999956 0.03981481481481486 0.8296875 0.7657407407407407 2 0.8364583333333333 0.7796296296296297 2
0 0.5013020833333333 0.3560185185185185 0.02239583333333328 0.025000000000000022 0.5072916666666667 0.3537037037037037 2 0.49635416666666665 0.3527777777777778 2
0 0.5341145833333334 0.3583333333333333 0.019270833333333237 0.037037037037037035 0.5395833333333333 0.36018518518518516 2 0.5317708333333333 0.34814814814814815 2
0 0.5729166666666667 0.37037037037037035 0.01666666666666672 0.018518518518518545 0.5677083333333334 0.3731481481481482 2 0.5765625 0.36944444444444446 2
0 0.5276041666666667 0.39583333333333337 0.02083333333333326 0.03425925925925927 0.5229166666666667 0.38796296296296295 2 0.5317708333333333 0.40370370370370373 2
0 0.5471354166666667 0.42638888888888893 0.01302083333333326 0.021296296296296313 0.55 0.4212962962962963 2 0.5432291666666667 0.43425925925925923 2
0 0.5440104166666666 0.44675925925925924 0.01822916666666663 0.030555555555555558 0.5375 0.4444444444444444 2 0.5484375 0.4537037037037037 2
