0 0.1546875 0.662037037037037 0.014583333333333337 0.024074074074074026 0.153125 0.6537037037037037 2 0.15885416666666666 0.6685185185185185 2
0 0.4692708333333333 0.3189814814814815 0.02291666666666664 0.021296296296296258 0.46510416666666665 0.3175925925925926 2 0.4744791666666667 0.3194444444444444 2
0 0.5192708333333333 0.3550925925925926 0.02083333333333326 0.024999999999999967 0.5244791666666667 0.3509259259259259 2 0.5166666666666667 0.3611111111111111 2
0 0.5393229166666667 0.374537037037037 0.017187500000000022 0.032407407407407385 0.5411458333333333 0.3675925925925926 2 0.5354166666666667 0.3787037037037037 2
0 0.5859375 0.5305555555555556 0.016666666666666607 0.03333333333333344 0.5817708333333333 0.5259259259259259 2 0.590625 0.5203703703703704 2
0 0.5528645833333333 0.4532407407407407 0.015104166666666696 0.02685185185185185 0.5572916666666666 0.4601851851851852 2 0.5473958333333333 0.44351851851851853 2
0 0.5424479166666667 0.4384259259259259 0.016145833333333304 0.02685185185185185 0.5375 0.4425925925925926 2 0.5473958333333333 0.44351851851851853 2
0 0.5200520833333333 0.4337962962962963 0.016145833333333304 0.03240740740740744 0.5203125 0.42962962962962964 2 0.5140625 0.44537037037037036 2
0 0.4940104166666667 0.4162037037037037 0.015104166666666696 0.02314814814814814 0.4921875 0.4166666666666667 2 0.49947916666666664 0.40925925925925927 2
0 0.50625 0.39861111111111114 0.011458333333333348 0.01944444444444443 0.5036458333333333 0.4027777777777778 2 0.5083333333333333 0.39537037037037037 2
