0 0.08463541666666667 0.3208333333333333 0.022395833333333337 0.024999999999999967 0.08541666666666667 0.3194444444444444 2 0.07552083333333333 0.3194444444444444 2
0 0.12265625 0.21157407407407408 0.020312499999999997 0.030555555555555558 0.115625 0.21203703703703702 2 0.128125 0.2037037037037037 2
0 0.13958333333333334 0.19305555555555554 0.020833333333333315 0.024999999999999994 0.140625 0.19722222222222222 2 0.13229166666666667 0.18888888888888888 2
0 0.3184895833333333 0.3416666666666667 0.024479166666666663 0.031481481481481444 0.32395833333333335 0.3398148148148148 2 0.3125 0.33796296296296297 2
0 0.53125 0.43472222222222223 0.02083333333333326 0.041666666666666685 0.5286458333333334 0.42685185185185187 2 0.5348958333333333 0.44814814814814813 2
0 0.56953125 0.37175925925925923 0.014062499999999978 0.021296296296296313 0.5661458333333333 0.37407407407407406 2 0.5739583333333333 0.3675925925925926 2
0 0.6169270833333333 0.37175925925925923 0.019270833333333348 0.05092592592592593 0.6182291666666667 0.38333333333333336 2 0.6213541666666667 0.35462962962962963 2
0 0.5947916666666666 0.4990740740740741 0.013541666666666674 0.025925925925925963 0.5953125 0.49074074074074076 2 0.5963541666666666 0.5055555555555555 2
0 0.7848958333333333 0.4819444444444444 0.019791666666666652 0.03796296296296292 0.7838541666666666 0.48518518518518516 2 0.7880208333333333 0.4740740740740741 2
0 0.9341145833333333 0.3726851851851852 0.011979166666666652 0.028703703703703676 0.9354166666666667 0.37777777777777777 2 0.9333333333333333 0.362962962962963 2
