0 0.6416666666666666 0.4263888888888889 0.025000000000000022 0.04351851851851851 0.646875 0.4305555555555556 2 0.6359375 0.4212962962962963 2
0 0.6348958333333333 0.3398148148148148 0.018750000000000044 0.0314814814814815 0.63125 0.35 2 0.6385416666666667 0.337037037037037 2
0 0.7703125 0.6370370370370371 0.018749999999999933 0.031481481481481444 0.7703125 0.6388888888888888 2 0.7729166666666667 0.6259259259259259 2
0 0.5799479166666667 0.39675925925925926 0.015104166666666696 0.028703703703703676 0.58125 0.38981481481481484 2 0.578125 0.40555555555555556 2
0 0.5283854166666666 0.3652777777777778 0.021354166666666674 0.021296296296296313 0.5302083333333333 0.3611111111111111 2 0.5223958333333333 0.35833333333333334 2
0 0.5278645833333333 0.3462962962962963 0.015104166666666696 0.018518518518518545 0.5317708333333333 0.34629629629629627 2 0.5223958333333333 0.3527777777777778 2
0 0.6497395833333334 0.09259259259259259 0.011979166666666652 0.016666666666666677 0.6520833333333333 0.08703703703703704 2 0.6484375 0.0962962962962963 2
0 0.43671875 0.5694444444444444 0.029687499999999978 0.033333333333333326 0.43072916666666666 0.5657407407407408 2 0.4427083333333333 0.5694444444444444 2
0 0.36640625 0.23055555555555557 0.019270833333333348 0.033333333333333354 0.3692708333333333 0.23148148148148148 2 0.3645833333333333 0.2222222222222222 2
0 0.4473958333333333 0.17685185185185187 0.02083333333333337 0.022222222222222227 0.44635416666666666 0.17407407407407408 2 0.4510416666666667 0.17777777777777778 2
