0 0.5455729166666666 0.5222222222222223 0.016145833333333304 0.029629629629629672 0.5473958333333333 0.525 2 0.5432291666666667 0.5120370370370371 2
0 0.5908854166666666 0.4546296296296296 0.014062499999999978 0.04259259259259257 0.5911458333333334 0.4601851851851852 2 0.5880208333333333 0.4388888888888889 2
0 0.56015625 0.3768518518518519 0.015104166666666696 0.016666666666666663 0.5635416666666667 0.37777777777777777 2 0.5552083333333333 0.37777777777777777 2
0 0.5333333333333333 0.41666666666666663 0.02083333333333326 0.03888888888888892 0.5307291666666667 0.40185185185185185 2 0.5375 0.4185185185185185 2
0 0.4940104166666667 0.4101851851851852 0.019270833333333348 0.020370370370370372 0.490625 0.4148148148148148 2 0.4984375 0.4046296296296296 2
0 0.5255208333333333 0.3537037037037037 0.014583333333333393 0.033333333333333326 0.5234375 0.35462962962962963 2 0.5302083333333333 0.3435185185185185 2
0 0.5356770833333333 0.35833333333333334 0.010937500000000044 0.033333333333333326 0.5354166666666667 0.362962962962963 2 0.5302083333333333 0.3435185185185185 2
0 0.5700520833333333 0.3560185185185185 0.01822916666666674 0.025000000000000022 0.5723958333333333 0.3675925925925926 2 0.5760416666666667 0.3490740740740741 2
0 0.5786458333333333 0.37268518518518523 0.017708333333333326 0.021296296296296313 0.5723958333333333 0.3675925925925926 2 0.5822916666666667 0.37407407407407406 2
0 0.4565104166666667 0.12546296296296294 0.01510416666666664 0.021296296296296285 0.4546875 0.11944444444444445 2 0.45729166666666665 0.12685185185185185 2
