0 0.08385416666666667 0.611574074074074 0.01770833333333334 0.030555555555555558 0.08177083333333333 0.6 2 0.084375 0.6185185185185185 2
0 0.54140625 0.3685185185185185 0.015104166666666696 0.025925925925925908 0.54375 0.36574074074074076 2 0.5375 0.37777777777777777 2
0 0.5583333333333333 0.3787037037037037 0.011458333333333348 0.011111111111111072 0.5541666666666667 0.3768518518518518 2 0.5588541666666667 0.3814814814814815 2
0 0.5880208333333334 0.5296296296296297 0.017708333333333326 0.03518518518518521 0.5822916666666667 0.5222222222222223 2 0.5921875 0.5231481481481481 2
0 0.5450520833333333 0.45416666666666666 0.020312499999999956 0.019444444444444486 0.5526041666666667 0.4601851851851852 2 0.5401041666666667 0.4546296296296296 2
0 0.5169270833333334 0.42962962962962964 0.015104166666666696 0.033333333333333326 0.521875 0.4398148148148148 2 0.5114583333333333 0.42777777777777776 2
0 0.50625 0.4009259259259259 0.011458333333333348 0.020370370370370372 0.5026041666666666 0.4046296296296296 2 0.5098958333333333 0.3962962962962963 2
0 0.38984375 0.1962962962962963 0.011979166666666652 0.02407407407407408 0.3890625 0.18796296296296297 2 0.39010416666666664 0.19722222222222222 2
0 0.50078125 0.1486111111111111 0.018229166666666685 0.017592592592592604 0.5072916666666667 0.14722222222222223 2 0.496875 0.14722222222222223 2
0 0.70078125 0.27314814814814814 0.020312499999999956 0.037037037037037035 0.6979166666666666 0.27870370370370373 2 0.7046875 0.26296296296296295 2
0 0.7744791666666666 0.2087962962962963 0.017708333333333326 0.01944444444444446 0.7776041666666667 0.20555555555555555 2 0.7734375 0.20925925925925926 2
