0 0.4213541666666667 0.8944444444444445 0.036458333333333315 0.040740740740740744 0.4296875 0.8907407407407407 2 0.4140625 0.8916666666666667 2
0 0.51640625 0.3680555555555556 0.015104166666666585 0.01944444444444443 0.5119791666666667 0.3712962962962963 2 0.5197916666666667 0.3638888888888889 2
0 0.5268229166666667 0.3472222222222222 0.017187500000000022 0.014814814814814836 0.521875 0.3472222222222222 2 0.5317708333333333 0.34629629629629627 2
0 0.4877604166666667 0.3939814814814815 0.01510416666666664 0.019444444444444486 0.4864583333333333 0.39166666666666666 2 0.4921875 0.3925925925925926 2
0 0.4940104166666667 0.4194444444444444 0.015104166666666696 0.029629629629629617 0.490625 0.4287037037037037 2 0.496875 0.4111111111111111 2
0 0.5205729166666666 0.42314814814814816 0.021354166666666674 0.03888888888888886 0.5203125 0.42777777777777776 2 0.5125 0.41203703703703703 2
0 0.3338541666666667 0.21157407407407408 0.023958333333333304 0.03425925925925927 0.33697916666666666 0.20092592592592592 2 0.33177083333333335 0.21388888888888888 2
0 0.6916666666666667 0.13842592592592592 0.021874999999999978 0.025000000000000022 0.6979166666666666 0.14166666666666666 2 0.6875 0.13333333333333333 2
0 0.7924479166666667 0.1662037037037037 0.026562500000000044 0.01944444444444446 0.7953125 0.16203703703703703 2 0.7869791666666667 0.1638888888888889 2
0 0.07786458333333333 0.28240740740740744 0.021354166666666674 0.029629629629629617 0.07760416666666667 0.28703703703703703 2 0.071875 0.2722222222222222 2
