0 0.10104166666666667 0.37777777777777777 0.011458333333333334 0.022222222222222254 0.10364583333333334 0.38333333333333336 2 0.1 0.3712962962962963 2
0 0.38203125 0.9634259259259259 0.0234375 0.026851851851851904 0.3854166666666667 0.9592592592592593 2 0.378125 0.9685185185185186 2
0 0.94140625 0.537962962962963 0.015104166666666696 0.025925925925925908 0.9390625 0.5287037037037037 2 0.9432291666666667 0.5425925925925926 2
0 0.7268229166666667 0.462037037037037 0.020312499999999956 0.033333333333333326 0.728125 0.4666666666666667 2 0.725 0.4527777777777778 2
0 0.4947916666666667 0.4388888888888889 0.01666666666666672 0.02777777777777779 0.49166666666666664 0.42962962962962964 2 0.49895833333333334 0.4462962962962963 2
0 0.5265625 0.3726851851851852 0.022916666666666585 0.02314814814814814 0.5307291666666667 0.36574074074074076 2 0.5192708333333333 0.3731481481481482 2
0 0.60625 0.35324074074074074 0.019791666666666652 0.015740740740740722 0.603125 0.3537037037037037 2 0.6130208333333333 0.35555555555555557 2
0 0.6098958333333333 0.37916666666666665 0.025000000000000022 0.041666666666666685 0.6104166666666667 0.3814814814814815 2 0.6083333333333333 0.36203703703703705 2
0 0.6174479166666667 0.21666666666666667 0.02864583333333326 0.03148148148148147 0.6125 0.22037037037037038 2 0.6213541666666667 0.2101851851851852 2
0 0.6929687499999999 0.14907407407407408 0.01302083333333337 0.022222222222222227 0.6911458333333333 0.1425925925925926 2 0.69375 0.15 2
