0 0.6473958333333334 0.35 0.02083333333333337 0.02407407407407408 0.6427083333333333 0.3453703703703704 2 0.6520833333333333 0.35185185185185186 2
0 0.5453125 0.2699074074074074 0.015625 0.01944444444444443 0.546875 0.26481481481481484 2 0.5442708333333334 0.2740740740740741 2
0 0.5395833333333333 0.3592592592592593 0.02083333333333337 0.03518518518518515 0.5421875 0.3592592592592593 2 0.5328125 0.3472222222222222 2
0 0.5729166666666666 0.37175925925925923 0.015625 0.013888888888888895 0.5682291666666667 0.37222222222222223 2 0.5776041666666667 0.37037037037037035 2
0 0.5223958333333334 0.3949074074074074 0.017708333333333326 0.03611111111111115 0.5213541666666667 0.38425925925925924 2 0.521875 0.40555555555555556 2
0 0.5588541666666667 0.4282407407407407 0.012499999999999956 0.02685185185185185 0.5567708333333333 0.4203703703703704 2 0.5598958333333334 0.4361111111111111 2
0 0.546875 0.44953703703703707 0.014583333333333393 0.02870370370370373 0.5473958333333333 0.44166666666666665 2 0.5427083333333333 0.45925925925925926 2
0 0.23671874999999998 0.9370370370370371 0.03489583333333332 0.02777777777777779 0.22864583333333333 0.9342592592592592 2 0.24270833333333333 0.9361111111111111 2
0 0.8591145833333333 0.2967592592592593 0.020312499999999956 0.03425925925925927 0.8630208333333333 0.2861111111111111 2 0.8578125 0.2972222222222222 2
0 0.4747395833333333 0.060648148148148145 0.015104166666666696 0.013888888888888888 0.46927083333333336 0.05925925925925926 2 0.478125 0.062037037037037036 2
