0 0.47942708333333334 0.5449074074074074 0.01822916666666663 0.02314814814814814 0.4744791666666667 0.5435185185185185 2 0.4859375 0.5462962962962963 2
0 0.5414062500000001 0.39166666666666666 0.009895833333333326 0.029629629629629672 0.5427083333333333 0.3990740740740741 2 0.540625 0.3814814814814815 2
0 0.5645833333333334 0.40185185185185185 0.013541666666666674 0.025925925925925908 0.5609375 0.3962962962962963 2 0.565625 0.4101851851851852 2
0 0.5989583333333333 0.40509259259259256 0.012500000000000067 0.01944444444444443 0.6026041666666667 0.4027777777777778 2 0.5958333333333333 0.4009259259259259 2
0 0.5940104166666667 0.38657407407407407 0.011979166666666652 0.017592592592592604 0.5942708333333333 0.38055555555555554 2 0.5953125 0.39166666666666666 2
0 0.52421875 0.3541666666666667 0.011979166666666652 0.017592592592592604 0.5208333333333334 0.3574074074074074 2 0.5270833333333333 0.3490740740740741 2
0 0.54453125 0.36296296296296293 0.015104166666666696 0.0222222222222222 0.5505208333333333 0.3638888888888889 2 0.5390625 0.35462962962962963 2
0 0.53359375 0.35277777777777775 0.016145833333333304 0.027777777777777735 0.5291666666666667 0.3435185185185185 2 0.5390625 0.35462962962962963 2
0 0.9440104166666667 0.44305555555555554 0.008854166666666718 0.02870370370370373 0.9416666666666667 0.4324074074074074 2 0.9447916666666667 0.44722222222222224 2
0 0.72421875 0.44166666666666665 0.024479166666666607 0.0314814814814815 0.73125 0.4351851851851852 2 0.7203125 0.43148148148148147 2
0 0.6565104166666667 0.1425925925925926 0.025520833333333326 0.022222222222222227 0.6541666666666667 0.1398148148148148 2 0.6645833333333333 0.13796296296296295 2
